56;1;0;0
11645;1;63;1
9403;1;2306;1
30130;1;21938;1
38258;1;30130;1
39181;1;77;1
14648;2;9764;1
39159;1;39230;1
38900;1;11764;1
38704;1;39215;1
38406;1;11788;1
38306;1;38818;1
38190;1;38702;1
38061;1;39085;1
37933;1;38957;1
37806;1;38318;1
37674;1;38698;1
37545;1;38569;1
37417;1;38441;1
37290;1;37802;1
37158;1;38182;1
37029;1;38053;1
36901;1;37925;1
36773;1;37285;1
36642;1;37666;1
36513;1;37537;1
36385;1;37409;1
36257;1;36769;1
36126;1;37150;1
35997;1;37021;1
35869;1;36893;1
35741;1;36253;1
35610;1;36634;1
35481;1;36505;1
35353;1;36377;1
35225;1;35737;1
35094;1;36118;1
34965;1;35989;1
34837;1;35861;1
34709;1;35221;1
34578;1;35602;1
34449;1;35473;1
34321;1;35345;1
34193;1;34705;1
34064;1;35088;1
33933;1;34957;1
33805;1;34829;1
33677;1;34189;1
33546;1;34058;1
33419;1;34443;1
33289;1;34313;1
33161;1;33673;1
33032;1;34056;1
32901;1;33925;1
32773;1;33797;1
32645;1;33157;1
11710;1;32702;1
32385;1;33409;1
32257;1;33281;1
32129;1;32641;1
32126;1;33150;1
31997;1;33021;1
31869;1;32893;1
31741;1;32765;1
14648;2;32636;1
31479;1;32503;1
31349;1;32373;1
31221;1;32245;1
31092;1;32116;1
30963;1;31987;1
30833;1;31857;1
30705;1;31217;1
30576;1;31088;1
30446;1;31470;1
30317;1;31341;1
30189;1;30701;1
30060;1;30572;1
29929;1;30953;1
29801;1;30825;1
29673;1;30185;1
29546;1;30570;1
29413;1;30437;1
29285;1;30309;1
29157;1;29669;1
14758;1;29094;1
28899;1;29923;1
28769;1;29281;1
28641;1;29153;1
28512;1;29536;1
28383;1;29407;1
28253;1;29277;1
28125;1;28637;1
27996;1;29020;1
27866;1;28890;1
27737;1;28761;1
27609;1;28121;1
27482;1;28506;1
27349;1;28373;1
27221;1;28245;1
27093;1;27605;1
26966;1;27990;1
26835;1;27859;1
26705;1;27729;1
26577;1;27089;1
26449;1;27473;1
26319;1;27343;1
26189;1;27213;1
26061;1;26573;1
25932;1;26956;1
25803;1;26827;1
25673;1;26697;1
25545;1;26057;1
25419;1;26443;1
25285;1;26309;1
25157;1;26181;1
25029;1;25541;1
24902;1;25926;1
24771;1;25795;1
24641;1;25665;1
24513;1;25025;1
24387;1;25411;1
24383;1;24895;1
24253;1;25277;1
24125;1;25149;1
23996;1;24508;1
23867;1;24378;1
23737;1;24761;1
23609;1;24633;1
23482;1;23994;1
23350;1;23862;1
23221;1;24245;1
23093;1;24117;1
22966;1;23478;1
22834;1;23858;1
22705;1;23729;1
22577;1;23601;1
22450;1;22962;1
22318;1;22830;1
22189;1;23213;1
22061;1;23085;1
21934;1;22446;1
21802;1;22826;1
21673;1;22697;1
14758;2;22569;1
14759;3;21928;1
21277;1;22300;1
21148;1;22171;1
21020;1;22043;1
20892;1;21403;1
20761;1;21784;1
20632;1;21655;1
20504;1;21527;1
7703;1;8960;1
39305;1;21280;1
39145;1;21224;1
39074;1;21154;1
38944;1;21024;1
11806;2;20611;1
38721;1;20801;1
39590;1;20680;1
39705;1;38704;1
39802;1;39289;1
38785;1;39168;1
39197;1;39820;1
38560;1;39583;1
38432;1;38944;1
11806;2;39010;1
38327;1;38839;1
38201;1;39736;1
39574;1;38016;1
39668;1;38131;1
39785;1;38761;1
39180;1;39295;1
38632;1;38120;1
39147;1;39671;1
39671;1;38647;1
38935;1;39447;1
38290;1;39314;1
39976;1;38440;1
40048;1;38512;1
38839;1;39863;1
40231;1;39718;1
40301;1;39627;1
38705;1;39672;1
38610;1;40146;1
40200;1;39170;1
38480;1;40467;1
39902;1;40414;1
39838;1;40350;1
39774;1;40286;1
39699;1;38307;1
39627;1;38363;1
39560;1;40072;1
39496;1;40008;1
39428;1;38548;1
39231;1;38719;1
37996;1;38912;1
37879;1;38902;1
37918;2;39025;1
37504;1;39040;1
39507;1;37440;1
39637;1;39124;1
39762;1;38063;1
37696;2;39168;1
37954;1;37442;1
37395;1;39443;1
37248;1;37760;1
11806;2;37632;1
37180;1;39740;1
37052;1;39612;1
39449;1;36864;1
39532;1;36982;1
39756;1;37708;1
37132;2;39330;1
37399;1;39849;1
37961;1;36936;1
37939;1;37426;1
39819;1;37258;1
39903;1;37343;1
39988;1;39476;1
40095;1;39554;1
40167;1;39655;1
37617;1;39493;1
40296;1;37223;1
40377;1;39866;1
40468;1;39956;1
37240;1;39865;1
37255;1;39815;1
37414;1;40449;1
37478;1;40385;1
37542;1;40321;1
37606;1;40257;1
37670;1;40193;1
39596;1;37201;1
39517;1;37251;1
37947;1;37435;1
37990;1;37478;1
39231;1;37568;1
39102;1;38077;1
38921;1;39432;1
39891;1;39477;1
39977;1;37855;1
40055;1;39542;1
40134;1;39622;1
40213;1;39701;1
38772;1;39796;1
37558;1;39840;1
37478;1;39925;1
40525;1;40171;1
40594;1;40083;1
40687;1;40192;1
40784;1;40448;1
40875;1;40363;1
40940;1;40428;1
41034;1;40522;1
37176;1;40615;1
38223;1;40704;1
41282;1;40811;1
38168;1;40863;1
41460;1;40947;1
41549;1;41036;1
41617;1;41005;1
37244;1;39172;1
41174;1;41023;1
41082;1;36876;1
41018;1;36940;1
40954;1;41466;1
40890;1;41402;1
40826;1;41338;1
40760;1;37194;1
40675;1;37364;1
37927;1;37415;1
40512;1;37458;1
40427;1;37628;1
38183;1;37671;1
40256;1;37714;1
40171;1;37884;1
38439;1;37927;1
40000;1;37970;1
39915;1;38140;1
38695;1;38183;1
39744;1;38226;1
39659;1;38396;1
38951;1;38439;1
39488;1;38482;1
39403;1;38652;1
39207;1;38695;1
36861;1;38909;1
36637;1;39040;1
36444;1;39003;1
39478;1;36406;1
39595;1;39082;1
39728;1;39216;1
39833;1;39321;1
39347;1;36332;1
39275;1;39788;1
36221;1;36732;1
36092;1;39675;1
35964;1;36475;1
35836;1;36859;1
36269;1;35757;1
39725;1;36653;1
35753;1;39337;1
36275;1;35763;1
36812;1;35788;1
36685;1;39780;1
39780;1;36196;1
36560;1;39632;1
39965;1;35869;1
40055;1;39543;1
40119;1;36023;1
36463;1;35951;1
36365;1;39949;1
40337;1;39819;1
40422;1;39911;1
35957;1;40054;1
36146;1;39170;1
39956;1;40468;1
39892;1;40404;1
39828;1;40340;1
36364;1;35852;1
39699;1;35916;1
39635;1;35980;1
39571;1;36044;1
36733;1;36221;1
39407;1;36264;1
39322;1;36306;1
35645;1;36480;1
35423;1;36446;1
35295;1;36830;1
35171;1;36706;1
39669;1;36596;1
39796;1;39298;1
39369;1;39881;1
39304;1;39816;1
35046;1;39654;1
11806;2;35430;1
34878;1;35389;1
34750;1;35261;1
34622;1;35646;1
39686;1;35590;1
39790;1;39278;1
11584;1;39295;1
35118;1;39833;1
35601;1;34576;1
39647;1;35038;1
35490;1;34978;1
35407;1;39503;1
39910;1;39539;1
39974;1;39462;1
40038;1;34918;1
40102;1;39590;1
40191;1;39810;1
40280;1;39680;1
34599;1;39719;1
40455;1;39943;1
34725;1;39170;1
34816;1;39936;1
35035;1;34523;1
35099;1;34587;1
35163;1;34651;1
35211;1;34699;1
35270;1;34758;1
35334;1;34822;1
35398;1;34886;1
35460;1;34948;1
39394;1;35119;1
39309;1;35161;1
36764;1;35228;1
36639;1;35615;1
39860;1;39348;1
39962;1;39450;1
40031;1;39519;1
40095;1;35487;1
35325;1;39651;1
35235;1;39725;1
36406;1;39990;1
40390;1;39896;1
40475;1;39963;1
36270;1;40057;1
40665;1;40153;1
36097;1;40219;1
40821;1;40320;1
40917;1;40415;1
35981;1;40589;1
41074;1;40562;1
41166;1;40654;1
41252;1;40740;1
35894;1;41014;1
41407;1;40919;1
41493;1;41024;1
34501;1;41081;1
41407;1;41081;0
34882;1;39172;1
35011;1;34499;1
35075;1;34563;1
35139;1;34627;1
35203;1;34691;1
35379;1;34867;1
40760;1;41272;1
40695;1;41207;1
40631;1;41143;1
40551;1;35103;1
35658;1;35146;1
40380;1;35317;1
40295;1;35359;1
35914;1;35402;1
40124;1;35573;1
40039;1;35615;1
36170;1;35658;1
39868;1;35829;1
39783;1;35871;1
36426;1;35914;1
39612;1;36085;1
39527;1;36127;1
36682;1;36170;1
39356;1;36341;1
39118;1;36573;1
38982;1;36576;1
39740;1;36466;1
39849;1;39337;1
36587;1;39411;1
38896;1;36848;1
40066;1;39553;1
40143;1;39630;1
38754;1;36706;1
40289;1;39777;1
40369;1;39857;1
40457;1;39945;1
38530;1;40030;1
36171;1;40112;1
40714;1;40202;1
38404;1;40286;1
38446;1;40372;1
40971;1;40410;1
38277;1;40542;1
38316;1;40640;1
41226;1;40714;1
41311;1;40799;1
35791;1;40911;1
41481;1;40969;1
38143;1;41055;1
41655;1;41133;1
41738;1;41226;1
35615;1;41311;1
41908;1;41396;1
41998;1;41485;1
42078;1;41566;1
42158;1;41664;1
42250;1;41738;1
37638;1;42246;1
42418;1;41926;1
35315;1;41993;1
37508;1;42079;1
42677;1;42162;1
37468;1;42250;1
42847;1;42334;1
42932;1;42420;1
43017;1;42505;1
34976;1;42591;1
43182;1;42688;1
43274;1;42762;1
34845;1;42846;1
34760;1;42929;1
34805;1;43017;1
43615;1;43102;1
43703;1;43182;1
36948;1;43274;1
36990;1;43358;1
34512;1;43444;1
34911;1;43983;1
43452;1;43964;1
43388;1;43900;1
43324;1;43836;1
43259;1;43771;1
43195;1;43707;1
43131;1;43643;1
43067;1;43579;1
35582;1;35070;1
42914;1;35123;1
42829;1;35165;1
35720;1;35208;1
42658;1;35379;1
42573;1;35421;1
35976;1;35464;1
42402;1;35635;1
42317;1;35677;1
36232;1;35720;1
42146;1;35891;1
42061;1;35933;1
36488;1;35976;1
41890;1;36147;1
41805;1;36189;1
36744;1;36232;1
41634;1;36403;1
41549;1;36445;1
37000;1;36488;1
41378;1;36659;1
41293;1;36701;1
37256;1;36744;1
41122;1;36915;1
41037;1;36957;1
37512;1;37000;1
40866;1;37171;1
40781;1;37213;1
37768;1;37256;1
40610;1;37427;1
40525;1;37469;1
38024;1;37512;1
40354;1;37683;1
40269;1;37725;1
38280;1;37768;1
40098;1;37939;1
40013;1;37981;1
38536;1;38024;1
39842;1;38195;1
39757;1;38237;1
38792;1;38280;1
39586;1;38451;1
39501;1;38493;1
39048;1;38536;1
39330;1;38707;1
34373;1;38912;1
34275;1;38883;1
11806;2;39071;1
34071;1;39133;1
34432;1;33920;1
39622;1;39110;1
34019;1;38725;1
34177;2;39328;1
34445;1;39853;1
33968;1;39599;1
33840;1;34352;1
11806;2;34224;1
33644;1;34156;1
33518;1;39661;1
39454;1;33344;1
39611;1;34525;1
33600;2;39289;1
33900;1;33388;1
33964;1;33452;1
34385;1;33873;1
34356;1;39476;1
34297;1;39417;1
39953;1;33809;1
40037;1;39524;1
40142;1;39684;1
40217;1;39718;1
40281;1;33475;1
40345;1;40165;1
40428;1;40082;1
33644;1;39170;1
33768;1;39912;1
39938;1;33379;1
39874;1;33443;1
39810;1;33507;1
39746;1;33571;1
34142;1;33630;1
39598;1;40110;1
39524;1;40036;1
39460;1;39972;1
34484;1;33972;1
34526;1;34014;1
33254;1;34278;1
11806;2;34171;1
33018;1;34432;1
32779;1;33291;1
33285;1;32773;1
39676;1;34556;1
33036;2;39291;1
33322;1;39862;1
39281;1;39794;1
32690;1;33202;1
32562;1;39730;1
32427;1;32939;1
32299;1;33323;1
32728;1;32216;1
39754;1;33097;1
11584;1;39168;1
39335;1;32229;1
33309;1;32284;1
33175;1;39318;1
33136;1;32649;1
39905;1;39392;1
40013;1;39630;1
40090;1;39578;1
40154;1;32474;1
40219;1;32538;1
32868;1;40036;1
32213;1;39947;1
40449;1;39932;1
32475;1;39170;1
32589;1;39757;1
39942;1;32251;1
39878;1;32315;1
39814;1;32379;1
32954;1;40262;1
33018;1;40198;1
33082;1;40134;1
33127;1;32615;1
33171;1;32659;1
39369;1;32830;1
34536;1;33000;1
34408;1;32872;1
39813;1;39301;1
39894;1;33238;1
39979;1;39467;1
33002;1;39776;1
32916;1;39571;1
40209;1;33041;1
40279;1;39766;1
40360;1;39848;1
40453;1;40105;1
40525;1;40013;1
32757;1;39925;1
40702;1;40189;1
33757;1;40413;1
32633;1;40313;1
40965;1;40453;1
41041;1;40785;1
41125;1;40826;1
32417;1;40609;1
41277;1;40768;1
41384;1;40872;1
41480;1;41121;1
41547;1;41035;1
32255;1;40959;1
32569;1;39172;1
41137;1;41638;1
32715;1;41579;1
32779;1;41515;1
32843;1;32331;1
32907;1;32395;1
40810;1;41322;1
40746;1;41258;1
33090;1;32578;1
40588;1;32749;1
40503;1;32791;1
33346;1;32834;1
40332;1;33005;1
40247;1;33047;1
33602;1;33090;1
40076;1;33261;1
39991;1;33303;1
33858;1;33346;1
39820;1;33517;1
39735;1;33559;1
34114;1;33602;1
39564;1;33773;1
39479;1;33815;1
34370;1;33858;1
39308;1;34029;1
32111;1;34159;1
31880;1;34432;1
31870;1;34430;1
31742;1;34302;1
32176;1;31663;1
31641;1;34138;1
11584;1;39168;1
39315;1;31644;1
31498;1;39690;1
31370;1;39573;1
39573;1;31893;1
31204;1;31716;1
31076;1;32100;1
39638;1;31958;1
39768;1;31575;1
11584;1;39295;1
39318;1;31080;1
32082;1;39761;1
39685;1;31493;1
39779;1;31587;1
39867;1;39355;1
39954;1;39442;1
31861;1;39541;1
31189;1;39381;1
31225;1;39417;1
40222;1;39895;1
40319;1;39761;1
40397;1;39801;1
31133;1;39170;1
31369;1;39743;1
31499;1;40451;1
31563;1;40387;1
31627;1;40323;1
31687;1;40255;1
31750;1;40190;1
31814;1;40126;1
31878;1;40062;1
39485;1;31430;1
39400;1;31600;1
32155;1;31643;1
30907;1;31808;1
11806;2;31806;1
30613;1;32149;1
30516;1;32052;1
39670;1;31990;1
39777;1;32097;1
39180;1;39295;1
31035;1;39840;1
30341;1;39556;1
30213;1;30724;1
11806;2;30597;1
30108;1;30620;1
29982;1;39709;1
29859;1;30885;1
39588;1;29859;1
29926;1;31030;1
30081;2;39316;1
30370;1;29858;1
31001;1;29977;1
39557;1;30341;1
30809;1;39513;1
39852;1;30124;1
30671;1;30159;1
39982;1;30254;1
40061;1;30333;1
40173;1;39758;1
30015;1;39739;1
29919;1;39647;1
29833;1;39561;1
30000;1;40192;1
40193;1;39169;1
30298;1;40468;1
39902;1;40414;1
39838;1;40350;1
39774;1;40286;1
39699;1;30127;1
39623;1;30179;1
39557;1;40069;1
39493;1;40005;1
30876;1;30364;1
39338;1;30407;1
32190;1;30653;1
39725;1;31021;1
39810;1;30594;1
31922;1;30898;1
30687;1;39446;1
40022;1;39542;1
31767;1;30743;1
30536;1;39653;1
30582;1;39744;1
40324;1;39818;1
30401;1;39936;1
40505;1;39993;1
31505;1;40209;1
31543;1;40163;1
40762;1;40057;1
31377;1;40340;1
40945;1;40639;1
30195;1;40435;1
41100;1;40588;1
31285;1;40676;1
41282;1;40770;1
41348;1;40734;1
31155;1;40960;1
41529;1;41017;1
30997;1;41117;1
30201;1;39172;1
30306;1;41059;1
41083;1;29828;1
41019;1;29892;1
40955;1;29956;1
40891;1;30020;1
40826;1;30082;1
40747;1;30260;1
30829;1;41189;1
40612;1;30381;1
40527;1;30423;1
30978;1;30466;1
40356;1;30637;1
40271;1;30679;1
31234;1;30722;1
40100;1;30893;1
40015;1;30935;1
31490;1;30978;1
39844;1;31149;1
39759;1;31191;1
31746;1;31234;1
39588;1;31405;1
39503;1;31447;1
32002;1;31490;1
39332;1;31661;1
34385;1;31825;1
39655;1;31751;1
31882;1;31701;1
31917;1;39366;1
31821;1;39501;1
40015;1;39535;1
34158;1;32110;1
40170;1;39658;1
31711;1;39731;1
31617;1;39809;1
33933;1;39889;1
31568;1;39975;1
40579;1;40067;1
31525;1;40145;1
40742;1;40230;1
31480;1;40316;1
40914;1;40401;1
40998;1;40486;1
41084;1;40572;1
33557;1;40657;1
33472;1;40743;1
41340;1;40828;1
33431;1;40914;1
33347;1;40999;1
31086;1;41084;1
41681;1;41169;1
41767;1;41255;1
30963;1;41340;1
33178;1;41426;1
42023;1;41511;1
33137;1;41596;1
42193;1;41681;1
32960;1;41767;1
42364;1;41852;1
30623;1;41938;1
42535;1;42023;1
42620;1;42108;1
30496;1;42193;1
42791;1;42279;1
32750;1;42364;1
30363;1;42450;1
43047;1;42535;1
32619;1;42620;1
30236;1;42705;1
43303;1;42791;1
43388;1;42876;1
43474;1;42961;1
43559;1;43047;1
29963;1;43138;1
30003;1;43217;1
32302;1;43303;1
43900;1;43388;1
39297;1;43550;1
43565;1;43983;1
43457;1;43969;1
43393;1;29921;1
30497;1;29985;1
30560;1;30048;1
30624;1;30112;1
30688;1;30176;1
30752;1;30240;1
42986;1;30283;1
42901;1;30453;1
31008;1;30496;1
42730;1;30539;1
42645;1;30709;1
31264;1;30752;1
42474;1;30795;1
42389;1;30965;1
31520;1;31008;1
42218;1;31051;1
42133;1;31221;1
31776;1;31264;1
41962;1;31307;1
41877;1;31477;1
32032;1;31520;1
41706;1;31563;1
41621;1;31733;1
32288;1;31776;1
41450;1;31819;1
41365;1;31989;1
32544;1;32032;1
41194;1;32075;1
41109;1;32245;1
32800;1;32288;1
40938;1;32331;1
40853;1;32501;1
33056;1;32544;1
40682;1;32587;1
40597;1;32757;1
33312;1;32800;1
40426;1;32843;1
40341;1;33013;1
33568;1;33056;1
40170;1;33099;1
40085;1;33269;1
33824;1;33312;1
39914;1;33355;1
39829;1;33525;1
34080;1;33568;1
39658;1;33611;1
39573;1;33781;1
34336;1;33824;1
39402;1;33867;1
39317;1;34037;1
39152;1;34432;1
38992;1;39504;1
38949;1;39461;1
38863;1;34255;1
39975;1;34343;1
40044;1;34412;1
40154;1;39751;1
38768;1;39792;1
40312;1;34168;1
34039;1;39671;1
40466;1;40162;1
40557;1;40076;1
33911;1;40055;1
38497;1;40545;1
38408;1;40456;1
33791;1;40391;1
33700;1;40356;1
41077;1;40279;1
33537;1;40878;1
41245;1;40795;1
33496;1;40664;1
41422;1;40910;1
38108;1;41180;1
41588;1;41041;1
41671;1;41083;1
37986;1;41570;1
33219;1;41482;1
33268;1;41533;1
42008;1;41370;1
42101;1;41290;1
42178;1;41330;1
33055;1;41753;1
42356;1;41673;1
42442;1;41930;1
42509;1;42212;1
42603;1;42128;1
42687;1;42175;1
37476;1;42596;1
32704;1;42508;1
37435;1;42437;1
43029;1;42400;1
43125;1;42898;1
43207;1;42942;1
37228;1;42860;1
43386;1;42694;1
43468;1;43211;1
43535;1;42644;1
37014;1;43158;1
32357;1;43109;1
36976;1;43632;1
36892;1;43548;1
32233;1;43462;1
44059;1;43413;1
44148;1;43332;1
44234;1;43846;1
36721;1;43889;1
31937;1;43713;1
36563;1;44243;1
36598;1;44278;1
44648;1;43701;1
44734;1;44623;1
44815;1;44303;1
31781;1;44581;1
44987;1;44500;1
31620;1;44420;1
45167;1;44968;1
45252;1;44380;1
31502;1;44919;1
45422;1;44856;1
45508;1;45258;1
45591;1;44688;1
45677;1;45215;1
31335;1;45159;1
45848;1;45679;1
45933;1;44992;1
46018;1;45515;1
31124;1;45460;1
46197;1;45502;1
46282;1;45423;1
31006;1;45854;1
35613;1;46365;1
35526;1;46034;1
35563;1;46315;1
46701;1;46149;1
35392;1;46656;1
46867;1;46103;1
46949;1;46018;1
35389;1;46653;1
30621;1;46493;1
47221;1;46417;1
47305;1;46460;1
30499;1;46879;1
35089;1;46804;1
47568;1;47056;1
47638;1;47327;1
47725;1;47238;1
47804;1;47292;1
47890;1;47378;1
47972;1;47619;1
30207;1;47559;1
48146;1;47526;1
30042;1;48007;1
30079;1;47806;1
48411;1;47899;1
48488;1;47996;1
48586;1;47750;1
34522;1;48346;1
30132;1;39176;1
30219;1;48671;1
30345;1;29833;1
30409;1;29897;1
30473;1;29961;1
47926;1;30023;1
30713;1;30201;1
47777;1;48289;1
47713;1;48225;1
47649;1;48161;1
47564;1;30429;1
47479;1;30471;1
31154;1;30642;1
47308;1;30685;1
47223;1;30727;1
31410;1;30898;1
47052;1;30941;1
46967;1;30983;1
31666;1;31154;1
46796;1;31197;1
46711;1;31239;1
31922;1;31410;1
46540;1;31453;1
46455;1;31495;1
32178;1;31666;1
46284;1;31709;1
46199;1;31751;1
32434;1;31922;1
46028;1;31965;1
45943;1;32007;1
32690;1;32178;1
45772;1;32221;1
45687;1;32263;1
32946;1;32434;1
45516;1;32477;1
45431;1;32519;1
33202;1;32690;1
45260;1;32733;1
45175;1;32775;1
33458;1;32946;1
45004;1;32989;1
44919;1;33031;1
33714;1;33202;1
44748;1;33245;1
44663;1;33287;1
33970;1;33458;1
44492;1;33501;1
44407;1;33543;1
34226;1;33714;1
44236;1;33757;1
44151;1;33799;1
34482;1;33970;1
43980;1;34013;1
43895;1;34055;1
34738;1;34226;1
43724;1;34269;1
43639;1;34311;1
34994;1;34482;1
43468;1;34525;1
43383;1;34567;1
35250;1;34738;1
43212;1;34781;1
43127;1;34823;1
35506;1;34994;1
42956;1;35037;1
42871;1;35079;1
35762;1;35250;1
42700;1;35293;1
42615;1;35335;1
36018;1;35506;1
42444;1;35549;1
42359;1;35591;1
36274;1;35762;1
42188;1;35805;1
42103;1;35847;1
36530;1;36018;1
41932;1;36061;1
41847;1;36103;1
36786;1;36274;1
41676;1;36317;1
41591;1;36359;1
37042;1;36530;1
41420;1;36573;1
41335;1;36615;1
37298;1;36786;1
41164;1;36829;1
41079;1;36871;1
37554;1;37042;1
40908;1;37085;1
40823;1;37127;1
37810;1;37298;1
40652;1;37341;1
40567;1;37383;1
38066;1;37554;1
40396;1;37597;1
40311;1;37639;1
38322;1;37810;1
40140;1;37853;1
40055;1;37895;1
38578;1;38066;1
39884;1;38109;1
39799;1;38151;1
38834;1;38322;1
39628;1;38365;1
39543;1;38407;1
39090;1;38578;1
39372;1;38621;1
39168;1;38657;1
29642;1;38858;1
11806;2;38976;1
29491;1;39040;1
29294;1;29726;1
29806;1;29294;1
39711;1;39199;1
29504;2;39298;1
29803;1;29291;1
39293;1;39805;1
29155;1;29667;1
29008;1;39760;1
11806;2;29821;1
28823;1;29335;1
28695;1;29214;1
29205;1;28693;1
28792;1;29494;1
28940;2;39314;1
39348;1;28718;1
29885;1;28860;1
29746;1;29233;1
39813;1;39682;1
39896;1;29144;1
39981;1;39469;1
40084;1;39561;1
29398;1;39641;1
40218;1;28954;1
40282;1;39770;1
40360;1;40125;1
40457;1;40049;1
40151;1;39170;1
40034;1;39826;1
39939;1;28723;1
39875;1;28787;1
39811;1;28851;1
39747;1;28915;1
39683;1;28979;1
29540;1;29028;1
39522;1;29074;1
39449;1;29129;1
39366;1;29301;1
28614;1;29637;1
28490;1;29547;1
28407;1;29431;1
28161;1;29696;1
11806;1;28097;1
39702;1;29462;1
39813;1;39300;1
39357;1;28033;1
39180;1;39680;1
28019;1;28531;1
27891;1;39667;1
27763;1;28275;1
27635;1;28659;1
28069;1;27556;1
39717;1;28452;1
27568;1;39344;1
39352;1;39864;1
28616;1;27592;1
28489;1;39759;1
28462;1;27950;1
39842;1;28066;1
39951;1;27662;1
40038;1;39606;1
40104;1;27815;1
40168;1;39487;1
28181;1;39957;1
40315;1;39999;1
27569;1;39857;1
27620;1;40063;1
27781;1;39690;1
39981;1;39792;1
28074;1;27562;1
28138;1;27626;1
28199;1;40292;1
28263;1;27751;1
28327;1;27815;1
28391;1;27879;1
39514;1;27934;1
39429;1;27976;1
28659;1;28147;1
29792;1;28256;1
29664;1;28640;1
39835;1;28570;1
29548;1;39405;1
40009;1;39702;1
29378;1;39618;1
29410;1;39650;1
28175;1;28454;1
28212;1;39790;1
40399;1;39887;1
40470;1;39958;1
29232;1;39853;1
40644;1;40163;1
40741;1;40328;1
27954;1;40242;1
27871;1;40159;1
29053;1;40471;1
27831;1;40744;1
27742;1;40542;1
41220;1;40768;1
41326;1;40813;1
41424;1;40912;1
28791;1;41079;1
41577;1;40886;1
27773;1;41151;1
27842;1;39172;1
41106;1;41618;1
41042;1;41554;1
28097;1;41490;1
28161;1;41426;1
40849;1;27713;1
28288;1;41297;1
28352;1;27840;1
28534;1;28022;1
28579;1;28067;1
40478;1;28110;1
40393;1;28280;1
28835;1;28323;1
40222;1;28366;1
40137;1;28536;1
29091;1;28579;1
39966;1;28622;1
39881;1;28792;1
29347;1;28835;1
39710;1;28878;1
39625;1;29048;1
29603;1;29091;1
39454;1;29134;1
39369;1;29304;1
27478;1;29547;1
27388;1;29436;1
39528;1;29799;1
27112;1;29671;1
26993;1;39169;1
39718;1;29478;1
39835;1;39323;1
39346;1;26890;1
11584;1;39711;1
26782;1;39581;1
11806;2;27165;1
26618;1;27130;1
26491;1;27514;1
39603;1;27314;1
39730;1;26910;1
26318;1;26830;1
39355;1;39867;1
27478;1;39766;1
27351;1;26344;1
39677;1;26877;1
39797;1;26484;1
39881;1;39360;1
39946;1;39456;1
40010;1;39874;1
27103;1;39327;1
27008;1;39808;1
40252;1;39863;1
40319;1;39807;1
26888;1;40200;1
26449;1;39170;1
26686;1;39955;1
26863;1;39663;1
26925;1;26413;1
26989;1;26477;1
27039;1;26527;1
27093;1;40190;1
27157;1;40126;1
27221;1;40062;1
39485;1;26773;1
39412;1;26828;1
39327;1;26998;1
26195;1;27219;1
11806;2;27091;1
26026;1;27049;1
25829;1;27368;1
26255;1;25728;1
39658;1;25856;1
39781;1;27492;1
25993;1;39305;1
26249;1;39838;1
25689;1;39512;1
25561;1;26073;1
25630;2;26176;1
25367;1;25878;1
25239;1;26262;1
39513;1;26277;1
39658;1;26346;1
25408;2;39306;1
39351;1;25196;1
26354;1;25329;1
26204;1;25691;1
26058;1;39369;1
39878;1;25541;1
39963;1;25516;1
40053;1;39772;1
40159;1;39699;1
25228;1;39564;1
25258;1;39594;1
40359;1;40185;1
25766;1;40102;1
40186;1;39935;1
25577;1;39913;1
39933;1;25193;1
39869;1;25257;1
39805;1;25321;1
39741;1;25385;1
39675;1;25447;1
39594;1;25494;1
26059;1;25547;1
26123;1;25611;1
39374;1;25785;1
27483;1;25856;1
27378;1;26240;1
27211;1;25961;1
39867;1;39541;1
39931;1;39442;1
27187;1;39489;1
27097;1;26073;1
40158;1;39810;1
25797;1;39728;1
25831;1;39792;1
26994;1;39886;1
26914;1;39981;1
26830;1;40066;1
40643;1;39956;1
25539;1;40228;1
40825;1;40313;1
40916;1;40350;1
25408;1;40474;1
25451;1;40576;1
25373;1;40832;1
26531;1;40867;1
26433;1;40811;1
25243;1;40910;1
41514;1;41002;1
41600;1;41067;1
25363;1;41235;1
41285;1;39172;1
25616;1;40977;1
41072;1;25160;1
41008;1;25224;1
40944;1;25288;1
40880;1;25352;1
40811;1;25411;1
40726;1;25581;1
40648;1;25632;1
40571;1;25682;1
26365;1;25853;1
40400;1;25896;1
40315;1;25938;1
26621;1;26109;1
40144;1;26152;1
40059;1;26194;1
26877;1;26365;1
39888;1;26408;1
39803;1;26450;1
27133;1;26621;1
39632;1;26664;1
39547;1;26706;1
27389;1;26877;1
39376;1;26920;1
29872;1;27200;1
29752;1;27191;1
27213;1;27026;1
29506;1;39353;1
27162;1;27491;1
40011;1;27404;1
29494;1;27446;1
40156;1;27355;1
27047;1;39717;1
40303;1;27298;1
40385;1;39873;1
40480;1;39936;1
26831;1;40048;1
29131;1;40120;1
26783;1;40214;1
29095;1;40299;1
40897;1;40385;1
29051;1;40475;1
26566;1;40555;1
41152;1;40640;1
26525;1;40727;1
41324;1;40811;1
28757;1;40897;1
41500;1;40969;1
41579;1;41067;1
28631;1;41192;1
28549;1;41238;1
26303;1;41324;1
28503;1;41409;1
42006;1;41494;1
28464;1;41579;1
42176;1;41664;1
26009;1;41750;1
25930;1;41835;1
25968;1;41921;1
28284;1;42012;1
25801;1;42091;1
42687;1;42175;1
25760;1;42262;1
25670;1;42347;1
42945;1;42433;1
43030;1;42519;1
27944;1;42603;1
43200;1;42688;1
25495;1;42774;1
43372;1;42859;1
43457;1;42945;1
43548;1;43036;1
43627;1;43115;1
43710;1;43198;1
43798;1;43286;1
43884;1;43371;1
43969;1;43457;1
25536;1;43983;1
43435;1;43947;1
43371;1;43883;1
25818;1;43819;1
25882;1;43755;1
25946;1;43691;1
26010;1;43627;1
26074;1;43563;1
26131;1;25619;1
42894;1;25790;1
42809;1;25832;1
26387;1;25875;1
42638;1;26046;1
42553;1;26088;1
26643;1;26131;1
42382;1;26302;1
42297;1;26344;1
26899;1;26387;1
42126;1;26558;1
42041;1;26600;1
27155;1;26643;1
41870;1;26814;1
41785;1;26856;1
27411;1;26899;1
41614;1;27070;1
41529;1;27112;1
27667;1;27155;1
41358;1;27326;1
41273;1;27368;1
27923;1;27411;1
41102;1;27582;1
41017;1;27624;1
28179;1;27667;1
40846;1;27838;1
40761;1;27880;1
28435;1;27923;1
40590;1;28094;1
40505;1;28136;1
28691;1;28179;1
40334;1;28350;1
40249;1;28392;1
28947;1;28435;1
40078;1;28606;1
39993;1;28648;1
29203;1;28691;1
39822;1;28862;1
39737;1;28904;1
29459;1;28947;1
39566;1;29118;1
39481;1;29160;1
29715;1;29203;1
39310;1;29374;1
25077;1;29684;1
11806;2;29558;1
24799;1;29407;1
24681;1;29800;1
39477;1;24576;1
39694;1;29453;1
24844;2;39285;1
24960;1;39881;1
39304;1;24584;1
24473;1;24985;1
24345;1;39705;1
24216;1;24728;1
24088;1;25112;1
24522;1;24010;1
24007;1;24889;1
39838;1;39326;1
39336;1;24050;1
25124;1;24099;1
24995;1;39330;1
39785;1;24425;1
24865;1;39713;1
39966;1;39637;1
40065;1;24193;1
40129;1;24257;1
24072;1;39432;1
24104;1;39464;1
40347;1;39948;1
40431;1;39989;1
24213;1;39169;1
24437;1;39797;1
39968;1;39839;1
39901;1;40413;1
39835;1;24091;1
24666;1;40283;1
24730;1;40219;1
24794;1;40155;1
24846;1;24334;1
39482;1;24505;1
25060;1;24548;1
39311;1;24591;1
23932;1;24955;1
23705;1;24729;1
23576;1;25112;1
23360;1;24897;1
39689;1;24841;1
39792;1;39347;1
39367;1;39879;1
39303;1;39815;1
23342;1;39725;1
23214;1;39597;1
23050;1;23561;1
22922;1;23433;1
22794;1;23817;1
39663;1;23790;1
39797;1;39680;1
39681;1;39168;1
39305;1;39817;1
23926;1;39798;1
39709;1;23324;1
23692;1;22918;1
39907;1;23011;1
23652;1;39524;1
23565;1;23053;1
40120;1;23224;1
40184;1;39672;1
40276;1;39930;1
23465;1;39849;1
22812;1;39708;1
23100;1;39996;1
23274;1;39743;1
39925;1;40437;1
39861;1;40373;1
39797;1;40309;1
39726;1;22978;1
39661;1;23041;1
39597;1;23105;1
39533;1;23169;1
39463;1;23355;1
39378;1;23397;1
22820;1;23677;1
25082;1;23546;1
39777;1;23904;1
24857;1;23833;1
39975;1;39625;1
24822;1;39670;1
24730;1;23706;1
40185;1;23801;1
40262;1;23646;1
23451;1;39834;1
23363;1;39747;1
23406;1;39790;1
40591;1;40078;1
40680;1;40361;1
24400;1;40271;1
23188;1;40323;1
40932;1;40420;1
41030;1;40518;1
23067;1;40475;1
22977;1;40704;1
23021;1;40762;1
41374;1;40862;1
41445;1;40933;1
41529;1;40818;1
23938;1;41103;1
41426;1;41151;1
23200;1;39172;1
41100;1;22796;1
41036;1;22860;1
40972;1;22924;1
40892;1;23100;1
40824;1;41336;1
23735;1;41272;1
23798;1;41207;1
40628;1;23347;1
23902;1;23390;1
40457;1;23433;1
40372;1;23603;1
24158;1;23646;1
40201;1;23689;1
40116;1;23859;1
24414;1;23902;1
39945;1;23945;1
39860;1;24115;1
24670;1;24158;1
39689;1;24201;1
39604;1;24371;1
24926;1;24414;1
39433;1;24457;1
39348;1;24627;1
22736;1;24784;1
22608;1;24656;1
11806;2;25137;1
22453;1;25013;1
39617;1;22208;1
39752;1;22830;1
39836;1;39324;1
22743;1;39857;1
11584;1;39663;1
22126;1;39533;1
21998;1;22510;1
11806;2;22681;1
21765;1;22277;1
21638;1;22694;1
39553;1;21632;1
39680;1;21760;1
39812;1;21908;1
39692;1;39168;1
39317;1;39829;1
22771;1;39667;1
39602;1;22194;1
22561;1;39457;1
22475;1;39371;1
21931;1;39339;1
22420;1;39828;1
40116;1;39681;1
21821;1;39796;1
40287;1;21855;1
21639;1;39559;1
21675;1;39595;1
21854;1;39170;1
21963;1;39884;1
39937;1;40449;1
39873;1;40385;1
39809;1;40321;1
39745;1;40257;1
39665;1;40177;1
39589;1;21965;1
39525;1;22029;1
39461;1;22093;1
22781;1;22269;1
39296;1;22312;1
21446;1;22470;1
11806;2;22592;1
21274;1;22297;1
21072;1;21504;1
21580;1;21068;1
39663;1;22766;1
21312;2;39288;1
39362;1;21118;1
39298;1;21182;1
20960;1;21471;1
20814;1;39757;1
11806;2;21562;1
20639;1;21150;1
20517;1;20928;1
21030;1;20517;1
39756;1;21323;1
20428;1;39168;1
39328;1;20517;1
21616;1;20592;1
21487;1;39407;1
39840;1;20895;1
39926;1;20982;1
40016;1;39715;1
21201;1;39633;1
20661;1;39605;1
40235;1;20778;1
20599;1;39786;1
20513;1;40030;1
20728;1;39170;1
20805;1;39871;1
20966;1;39903;1
21019;1;40416;1
21083;1;40352;1
21147;1;40288;1
21211;1;40224;1
39644;1;20760;1
21324;1;20812;1
39484;1;20984;1
39412;1;21039;1
21594;1;21082;1
22781;1;21245;1
22642;1;21618;1
22580;1;39476;1
39931;1;21471;1
22410;1;21386;1
21195;1;21428;1
40179;1;39770;1
40246;1;39572;1
21169;1;39601;1
40391;1;39879;1
40485;1;40188;1
40556;1;40044;1
22087;1;40133;1
40733;1;40221;1
40826;1;40483;1
21958;1;40382;1
20859;1;40315;1
20779;1;40562;1
41174;1;40787;1
20614;1;40734;1
41332;1;40621;1
20570;1;40909;1
41507;1;41208;1
41578;1;41066;1
20609;1;41187;1
20822;1;39172;1
41132;1;41639;1
41065;1;41577;1
41001;1;41513;1
21136;1;41449;1
21200;1;41385;1
21264;1;41321;1
40737;1;20809;1
40652;1;20979;1
40569;1;21024;1
21579;1;21067;1
40398;1;21238;1
40313;1;21280;1
21835;1;21323;1
40142;1;21494;1
40057;1;21536;1
22091;1;21579;1
39886;1;21750;1
39801;1;21792;1
22347;1;21835;1
39630;1;22006;1
39545;1;22048;1
22603;1;22091;1
39374;1;22262;1
25088;1;22528;1
25087;1;22527;1
39771;1;22363;1
39849;1;22296;1
22486;1;22845;1
24802;1;22754;1
24712;1;22664;1
24746;1;39593;1
24650;1;22602;1
22289;1;39777;1
22329;1;39858;1
40456;1;39943;1
24558;1;40079;1
24472;1;40121;1
24387;1;40200;1
24430;1;40286;1
22075;1;40370;1
24260;1;40456;1
41053;1;40541;1
41146;1;40611;1
41224;1;40712;1
41309;1;40797;1
41394;1;40882;1
21726;1;40968;1
21640;1;41050;1
41650;1;41138;1
41736;1;41224;1
41822;1;41309;1
23842;1;41394;1
21466;1;41479;1
42077;1;41565;1
23718;1;41654;1
42248;1;41736;1
42334;1;41821;1
23588;1;41906;1
21210;1;41992;1
42589;1;42077;1
42673;1;42164;1
42760;1;42248;1
23408;1;42334;1
42930;1;42418;1
43016;1;42503;1
43101;1;42589;1
43197;1;42685;1
23107;1;42760;1
43357;1;42845;1
20673;1;42930;1
23103;1;43015;1
23020;1;43096;1
20664;1;43192;1
20582;1;43272;1
22893;1;43357;1
43954;1;43442;1
20877;1;43983;1
43446;1;20534;1
43382;1;20598;1
43318;1;20662;1
43253;1;20725;1
43189;1;20789;1
43125;1;20853;1
43061;1;20917;1
21489;1;20977;1
42908;1;21020;1
42823;1;21062;1
21745;1;21233;1
42652;1;21276;1
42567;1;21318;1
22001;1;21489;1
42396;1;21532;1
42311;1;21574;1
22257;1;21745;1
42140;1;21788;1
42055;1;21830;1
22513;1;22001;1
41884;1;22044;1
41799;1;22086;1
22769;1;22257;1
41628;1;22300;1
41543;1;22342;1
23025;1;22513;1
41372;1;22556;1
41287;1;22598;1
23281;1;22769;1
41116;1;22812;1
41031;1;22854;1
23537;1;23025;1
40860;1;23068;1
40775;1;23110;1
23793;1;23281;1
40604;1;23324;1
40519;1;23366;1
24049;1;23537;1
40348;1;23580;1
40263;1;23622;1
24305;1;23793;1
40092;1;23836;1
40007;1;23878;1
24561;1;24049;1
39836;1;24092;1
39751;1;24134;1
24817;1;24305;1
39580;1;24348;1
39495;1;24390;1
25073;1;24561;1
39324;1;24604;1
29820;1;24699;1
29686;1;39413;1
39857;1;25009;1
39947;1;24936;1
40051;1;39707;1
24747;1;39595;1
40195;1;24835;1
40260;1;24706;1
40330;1;40102;1
40432;1;40020;1
40500;1;39905;1
24464;1;39824;1
24504;1;40159;1
24418;1;40445;1
40831;1;40354;1
24374;1;40246;1
41015;1;40503;1
41109;1;40597;1
41187;1;40638;1
41277;1;40556;1
24085;1;41124;1
41458;1;41041;1
24045;1;41013;1
41614;1;41102;1
28617;1;41183;1
23917;1;41461;1
23822;1;41230;1
28489;1;41272;1
42039;1;41527;1
23700;1;41620;1
28365;1;41698;1
42301;1;41581;1
23570;1;42148;1
23490;1;42070;1
42546;1;42104;1
42635;1;42123;1
28107;1;42443;1
23404;1;42486;1
23315;1;42259;1
42964;1;42300;1
28019;1;42551;1
23197;1;42646;1
23104;1;42722;1
27891;1;42610;1
43411;1;43169;1
27733;1;43093;1
27768;1;43128;1
22930;1;42898;1
43741;1;43228;1
43827;1;43518;1
27557;1;43429;1
43995;1;43311;1
27395;1;43779;1
44180;1;43665;1
27353;1;43749;1
44352;1;43840;1
44422;1;44198;1
22576;1;44130;1
27142;1;44083;1
27183;1;43914;1
22449;1;43953;1
22361;1;44422;1
22273;1;44289;1
22320;1;44336;1
45109;1;44597;1
45204;1;44681;1
26849;1;44775;1
45374;1;45197;1
45439;1;44927;1
45541;1;45149;1
45616;1;45104;1
21897;1;44937;1
26593;1;44974;1
45881;1;45450;1
45958;1;45316;1
26454;1;45367;1
46135;1;45623;1
46228;1;45870;1
26325;1;45796;1
21611;1;45675;1
26274;1;46242;1
46574;1;46028;1
26220;1;46188;1
46730;1;46217;1
46818;1;46537;1
26104;1;46584;1
46977;1;46351;1
47063;1;46399;1
47159;1;46647;1
47255;1;46743;1
47329;1;46660;1
47418;1;46706;1
25759;1;47271;1
47601;1;47052;1
47669;1;47157;1
47759;1;47246;1
47838;1;47326;1
47924;1;47613;1
20739;1;47363;1
20782;1;47406;1
48182;1;47670;1
25401;1;47929;1
48360;1;47847;1
25231;1;47706;1
48511;1;47999;1
48611;1;48225;1
20706;1;39176;1
20926;1;48062;1
20963;1;48099;1
48105;1;48617;1
48041;1;48553;1
47977;1;48489;1
47913;1;48425;1
21265;1;20753;1
47766;1;20806;1
47682;1;20977;1
21543;1;21031;1
47522;1;21074;1
47437;1;21244;1
21799;1;21287;1
47266;1;21330;1
47181;1;21500;1
22055;1;21543;1
47010;1;21586;1
46925;1;21756;1
22311;1;21799;1
46754;1;21842;1
46669;1;22012;1
22567;1;22055;1
46498;1;22098;1
46413;1;22268;1
22823;1;22311;1
46242;1;22354;1
46157;1;22524;1
23079;1;22567;1
45986;1;22610;1
45901;1;22780;1
23335;1;22823;1
45730;1;22866;1
45645;1;23036;1
23591;1;23079;1
45474;1;23122;1
45389;1;23292;1
23847;1;23335;1
45218;1;23378;1
45133;1;23548;1
24103;1;23591;1
44962;1;23634;1
44877;1;23804;1
24359;1;23847;1
44706;1;23890;1
44621;1;24060;1
24615;1;24103;1
44450;1;24146;1
44365;1;24316;1
24871;1;24359;1
44194;1;24402;1
44109;1;24572;1
25127;1;24615;1
43938;1;24658;1
43853;1;24828;1
25383;1;24871;1
43682;1;24914;1
43597;1;25084;1
25639;1;25127;1
43426;1;25170;1
43341;1;25340;1
25895;1;25383;1
43170;1;25426;1
43085;1;25596;1
26151;1;25639;1
42914;1;25682;1
42829;1;25852;1
26407;1;25895;1
42658;1;25938;1
42573;1;26108;1
26663;1;26151;1
42402;1;26194;1
42317;1;26364;1
26919;1;26407;1
42146;1;26450;1
42061;1;26620;1
27175;1;26663;1
41890;1;26706;1
41805;1;26876;1
27431;1;26919;1
41634;1;26962;1
41549;1;27132;1
27687;1;27175;1
41378;1;27218;1
41293;1;27388;1
27943;1;27431;1
41122;1;27474;1
41037;1;27644;1
28199;1;27687;1
40866;1;27730;1
40781;1;27900;1
28455;1;27943;1
40610;1;27986;1
40525;1;28156;1
28711;1;28199;1
40354;1;28242;1
40269;1;28412;1
28967;1;28455;1
40098;1;28498;1
40013;1;28668;1
29223;1;28711;1
39842;1;28754;1
39757;1;28924;1
29479;1;28967;1
39586;1;29010;1
39501;1;29180;1
29735;1;29223;1
39330;1;29266;1
39150;1;29421;1
39706;1;29465;1
38940;1;39323;1
39921;1;29638;1
40002;1;39490;1
40081;1;29594;1
40159;1;39646;1
40232;1;39777;1
40297;1;29443;1
40379;1;39867;1
29304;1;40156;1
29204;1;39956;1
38580;1;40116;1
40721;1;40209;1
40814;1;40471;1
28992;1;40256;1
40968;1;40291;1
41062;1;40550;1
41167;1;40643;1
41244;1;40683;1
38168;1;40593;1
41403;1;40891;1
41480;1;41185;1
41565;1;41053;1
41639;1;41009;1
41745;1;41233;1
28559;1;41498;1
28595;1;41395;1
41996;1;41308;1
37787;1;41574;1
42181;1;41803;1
42263;1;41751;1
37656;1;41610;1
42427;1;41654;1
42505;1;42219;1
42592;1;42080;1
42667;1;42031;1
28134;1;42257;1
42864;1;42516;1
37432;1;42552;1
43017;1;42337;1
37264;1;42598;1
43218;1;42821;1
43294;1;42782;1
37139;1;42646;1
27838;1;42686;1
37089;1;43233;1
43614;1;43142;1
43688;1;43067;1
43793;1;43281;1
43889;1;43537;1
36917;1;43573;1
44037;1;43369;1
36744;1;43622;1
44233;1;43719;1
27375;1;43759;1
44387;1;43669;1
44475;1;43963;1
44557;1;44251;1
27156;1;44052;1
44712;1;44204;1
44817;1;44305;1
44915;1;44557;1
44990;1;44478;1
26980;1;44388;1
45158;1;44646;1
36283;1;44747;1
26866;1;44786;1
45412;1;45321;1
26696;1;44987;1
45584;1;45275;1
26652;1;45084;1
45737;1;45225;1
45841;1;45329;1
35845;1;45573;1
26447;1;45391;1
46083;1;45421;1
26401;1;45670;1
35759;1;45764;1
46357;1;45845;1
26271;1;45946;1
26194;1;46011;1
26239;1;46080;1
26150;1;46182;1
46770;1;46258;1
35411;1;46353;1
35338;1;46602;1
47038;1;46526;1
47104;1;46451;1
47206;1;46694;1
35240;1;46783;1
47377;1;46864;1
25764;1;46966;1
47547;1;47035;1
47641;1;47104;1
47719;1;47357;1
34980;1;47282;1
47889;1;47377;1
47992;1;47619;1
25428;1;47444;1
34759;1;47476;1
34808;1;47718;1
48321;1;47809;1
48402;1;47890;1
48477;1;47993;1
25169;1;48059;1
34526;1;48357;1
48743;1;48261;1
48818;1;48306;1
25075;1;48401;1
49011;1;48653;1
24902;1;48454;1
34263;1;48490;1
24860;1;48742;1
24779;1;48838;1
24822;1;48917;1
34175;1;49023;1
49595;1;49083;1
24692;1;49371;1
49761;1;49404;1
33955;1;49323;1
24571;1;49425;1
50039;1;49670;1
33833;1;49705;1
50178;1;49520;1
33666;1;49766;1
50371;1;49859;1
33621;1;50005;1
33658;1;50042;1
50619;1;50107;1
50711;1;50402;1
50789;1;50277;1
50865;1;50231;1
24033;1;50449;1
33307;1;50715;1
51133;1;50628;1
51212;1;50524;1
51302;1;50790;1
33094;1;51014;1
51479;1;50967;1
51555;1;50833;1
32960;1;51392;1
51722;1;51433;1
32911;1;51343;1
51883;1;51377;1
51985;1;51473;1
32784;1;51728;1
32823;1;51767;1
52229;1;51561;1
52326;1;51814;1
23245;1;51917;1
32610;1;51995;1
52582;1;51868;1
32561;1;52155;1
52755;1;52440;1
52833;1;52353;1
52907;1;52285;1
53009;1;52497;1
32271;1;52751;1
53182;1;52670;1
53254;1;52584;1
53350;1;52838;1
32189;1;52936;1
32102;1;53094;1
32011;1;52884;1
22719;1;53179;1
53771;1;53472;1
31877;1;53342;1
53928;1;53416;1
54033;1;53521;1
54131;1;53773;1
22341;1;53573;1
54278;1;53607;1
54374;1;53862;1
54471;1;53959;1
31587;1;54115;1
54625;1;53910;1
31536;1;54203;1
54800;1;54486;1
31483;1;54523;1
31391;1;54439;1
55057;1;54545;1
55161;1;54785;1
31267;1;54819;1
21877;1;54645;1
21800;1;54886;1
31143;1;54979;1
31058;1;55059;1
55646;1;55159;1
55739;1;55227;1
55830;1;55301;1
55910;1;55398;1
21458;1;55474;1
56081;1;55569;1
56186;1;55616;1
30749;1;55837;1
21370;1;55674;1
30711;1;55910;1
56509;1;55997;1
56591;1;56079;1
21154;1;56184;1
56763;1;56251;1
56857;1;56320;1
56934;1;56422;1
20935;1;56498;1
57105;1;56593;1
57204;1;56843;1
57278;1;56766;1
57345;1;56689;1
20769;1;56934;1
30127;1;57027;1
57620;1;57174;1
57693;1;57210;1
57787;1;57275;1
20605;1;57344;1
57957;1;57445;1
29861;1;57520;1
20752;1;39178;1
20984;1;58046;1
57490;1;58002;1
57426;1;57938;1
21154;1;57874;1
21218;1;57810;1
21282;1;57746;1
21346;1;57682;1
21395;1;20883;1
21566;1;21054;1
56920;1;21097;1
56835;1;21139;1
21822;1;21310;1
56664;1;21353;1
56579;1;21395;1
22078;1;21566;1
56408;1;21609;1
56323;1;21651;1
22334;1;21822;1
56152;1;21865;1
56067;1;21907;1
22590;1;22078;1
55896;1;22121;1
55811;1;22163;1
22846;1;22334;1
55640;1;22377;1
55555;1;22419;1
23102;1;22590;1
55384;1;22633;1
55299;1;22675;1
23358;1;22846;1
55128;1;22889;1
55043;1;22931;1
23614;1;23102;1
54872;1;23145;1
54787;1;23187;1
23870;1;23358;1
54616;1;23401;1
54531;1;23443;1
24126;1;23614;1
54360;1;23657;1
54275;1;23699;1
24382;1;23870;1
54104;1;23913;1
54019;1;23955;1
24638;1;24126;1
53848;1;24169;1
53763;1;24211;1
24894;1;24382;1
53592;1;24425;1
53507;1;24467;1
25150;1;24638;1
53336;1;24681;1
53251;1;24723;1
25406;1;24894;1
53080;1;24937;1
52995;1;24979;1
25662;1;25150;1
52824;1;25193;1
52739;1;25235;1
25918;1;25406;1
52568;1;25449;1
52483;1;25491;1
26174;1;25662;1
52312;1;25705;1
52227;1;25747;1
26430;1;25918;1
52056;1;25961;1
51971;1;26003;1
26686;1;26174;1
51800;1;26217;1
51715;1;26259;1
26942;1;26430;1
51544;1;26473;1
51459;1;26515;1
27198;1;26686;1
51288;1;26729;1
51203;1;26771;1
27454;1;26942;1
51032;1;26985;1
50947;1;27027;1
27710;1;27198;1
50776;1;27241;1
50691;1;27283;1
27966;1;27454;1
50520;1;27497;1
50435;1;27539;1
28222;1;27710;1
50264;1;27753;1
50179;1;27795;1
28478;1;27966;1
50008;1;28009;1
49923;1;28051;1
28734;1;28222;1
49752;1;28265;1
49667;1;28307;1
28990;1;28478;1
49496;1;28521;1
49411;1;28563;1
29246;1;28734;1
49240;1;28777;1
49155;1;28819;1
29502;1;28990;1
48984;1;29033;1
48899;1;29075;1
29758;1;29246;1
48728;1;29289;1
48643;1;29331;1
30014;1;29502;1
48472;1;29545;1
48387;1;29587;1
30270;1;29758;1
48216;1;29801;1
48131;1;29843;1
30526;1;30014;1
47960;1;30057;1
47875;1;30099;1
30782;1;30270;1
47704;1;30313;1
47619;1;30355;1
31038;1;30526;1
47448;1;30569;1
47363;1;30611;1
31294;1;30782;1
47192;1;30825;1
47107;1;30867;1
31550;1;31038;1
46936;1;31081;1
46851;1;31123;1
31806;1;31294;1
46680;1;31337;1
46595;1;31379;1
32062;1;31550;1
46424;1;31593;1
46339;1;31635;1
32318;1;31806;1
46168;1;31849;1
46083;1;31891;1
32574;1;32062;1
45912;1;32105;1
45827;1;32147;1
32830;1;32318;1
45656;1;32361;1
45571;1;32403;1
33086;1;32574;1
45400;1;32617;1
45315;1;32659;1
33342;1;32830;1
45144;1;32873;1
45059;1;32915;1
33598;1;33086;1
44888;1;33129;1
44803;1;33171;1
33854;1;33342;1
44632;1;33385;1
44547;1;33427;1
34110;1;33598;1
44376;1;33641;1
44291;1;33683;1
34366;1;33854;1
44120;1;33897;1
44035;1;33939;1
34622;1;34110;1
43864;1;34153;1
43779;1;34195;1
34878;1;34366;1
43608;1;34409;1
43523;1;34451;1
35134;1;34622;1
43352;1;34665;1
43267;1;34707;1
35390;1;34878;1
43096;1;34921;1
43011;1;34963;1
35646;1;35134;1
42840;1;35177;1
42755;1;35219;1
35902;1;35390;1
42584;1;35433;1
42499;1;35475;1
36158;1;35646;1
42328;1;35689;1
42243;1;35731;1
36414;1;35902;1
42072;1;35945;1
41987;1;35987;1
36670;1;36158;1
41816;1;36201;1
41731;1;36243;1
36926;1;36414;1
41560;1;36457;1
41475;1;36499;1
37182;1;36670;1
41304;1;36713;1
41219;1;36755;1
37438;1;36926;1
41048;1;36969;1
40963;1;37011;1
37694;1;37182;1
40792;1;37225;1
40707;1;37267;1
37950;1;37438;1
40536;1;37481;1
40451;1;37523;1
38206;1;37694;1
40280;1;37737;1
40195;1;37779;1
38462;1;37950;1
40024;1;37993;1
39939;1;38035;1
38718;1;38206;1
39768;1;38249;1
39683;1;38291;1
38974;1;38462;1
39512;1;38505;1
39427;1;38547;1
39230;1;38718;1
38694;1;39230;1
38431;1;20428;1
38156;1;39182;1
38032;1;39055;1
37905;1;38928;1
37780;1;38804;1
37682;1;38804;0
37426;1;38804;0
37170;1;38804;0
36914;1;38804;0
36658;1;38804;0
36402;1;38804;0
36146;1;38804;0
35890;1;38804;0
35634;1;38804;0
35378;1;38804;0
35122;1;38804;0
34866;1;38804;0
34610;1;38804;0
34354;1;38804;0
34098;1;38804;0
33842;1;38804;0
33586;1;38804;0
33330;1;38804;0
33074;1;38804;0
32818;1;38804;0
32562;1;38804;0
32306;1;38804;0
32050;1;38804;0
31794;1;38804;0
31538;1;38804;0
31282;1;38804;0
31026;1;38804;0
30770;1;38804;0
30514;1;38804;0
30258;1;38804;0
30002;1;38804;0
29746;1;38804;0
29490;1;38804;0
29234;1;38804;0
28978;1;38804;0
28722;1;38804;0
28466;1;38804;0
28210;1;38804;0
27954;1;38804;0
27698;1;38804;0
27442;1;38804;0
27186;1;38804;0
26930;1;38804;0
26674;1;38804;0
26418;1;38804;0
26162;1;38804;0
25906;1;38804;0
25650;1;38804;0
25394;1;38804;0
25138;1;38804;0
24882;1;38804;0
24626;1;38804;0
24370;1;38804;0
24114;1;38804;0
23858;1;38804;0
23602;1;38804;0
23346;1;38804;0
23090;1;38804;0
22834;1;38804;0
22578;1;38804;0
22322;1;38804;0
22066;1;38804;0
21810;1;38804;0
21554;1;38804;0
21298;1;38804;0
21042;1;38804;0
20786;1;38804;0
