PAGES
0;51;13;0
1;1509;16;0
2;1510;14;0
3;1511;12;0
4;1512;12;0
5;1513;13;0
6;1496;4;0
7;15030;4;6
8;1497;10;0
9;15031;7;5
10;5803;14;0
11;5804;11;0
12;5805;11;0
13;15034;13;0
14;12207;5;0
15;15035;10;0
16;5814;16;0
17;12208;10;0
18;15036;12;0
19;5812;7;0
20;12210;3;0
21;5811;8;0
22;12211;4;0
23;12209;4;0
24;15037;8;0
25;5813;10;0
26;5806;162;0
27;5807;16;0
28;5808;9;0
29;5809;12;0
30;5810;7;0
31;1498;12;0
32;5882;7;0
33;8332;9;0
34;5883;41;0
35;5884;40;0
36;7;7;0
37;10821;4;0
38;10822;12;0
39;3640;8;0
40;3641;5;0
41;3967;4;0
42;8;13;0
43;3994;16;0
44;3943;6;0
45;9;12;0
46;298;3;0
47;3929;5;0
48;3930;3;0
49;296;5;0
50;297;14;0
51;10;11;0
52;3989;5;0
53;3990;7;0
54;3965;7;0
55;3966;12;0
56;14878;29;0
57;3777;9;0
58;1500;25;0
59;1501;63;0
60;1531;4;0
61;1532;32;0
62;1533;17;0
63;1534;21;0
64;14905;3;3
65;4336;7;0
66;14714;2;0
67;4337;10;0
68;4338;4;0
69;1535;15;0
70;1536;9;0
71;14812;1;1
72;1537;7;0
73;14813;5;5
74;14834;2;2
75;1540;7;0
76;1538;9;0
77;1539;19;0
78;1502;12;0
79;14829;5;0
80;14926;2;1
81;5887;10;0
82;5881;4;0
83;8955;13;0
84;8956;30;0
85;8957;10;0
86;3418;3;0
87;3419;3;0
88;3502;4;0
89;3489;13;0
90;3490;3;0
91;14752;5;2
92;3492;12;0
93;3508;5;0
94;3503;13;0
95;3046;4;0
96;3074;3;0
97;14758;9;8
98;14759;8;8
99;14760;8;8
100;14762;9;8
101;14763;8;8
102;14764;8;8
103;14765;8;8
104;14766;8;8
105;14767;8;8
106;14768;8;8
107;14769;8;8
108;14770;8;8
109;14771;8;8
110;14773;9;8
111;14774;8;8
112;14775;8;8
113;14776;8;8
114;14777;8;8
115;14778;8;8
116;14779;8;8
117;14780;8;8
118;14781;8;8
119;14782;8;8
120;14783;8;8
121;14784;8;8
122;14785;8;8
123;14786;8;8
124;3085;4;0
125;3086;3;0
126;3075;515;0
127;15279;12;11
128;3231;18;0
129;3232;8;0
130;3249;12;0
131;3250;1;0
132;3245;14;0
133;3258;3;0
134;3246;14;0
135;3247;1;0
136;3252;8;0
137;3259;4;0
138;3253;9;0
139;14815;9;2
140;5593;51;0
141;8341;46;0
142;8342;8;0
143;5594;19;0
144;5595;17;0
145;3631;26;0
146;15275;8;10
147;14874;5;0
148;3254;17;0
149;15276;19;10
150;3255;17;0
151;14789;11;3
152;3234;5;0
153;15277;11;5
154;15278;7;6
155;15280;9;4
156;3504;11;0
157;3505;14;0
158;3506;11;0
159;3975;18;0
160;3976;3;0
161;3972;10;0
162;15282;12;0
163;3973;7;0
164;3974;5;0
165;15281;21;14
166;8960;20;0
167;5815;12;0
168;14809;1;1
169;14807;2;2
170;12225;8;0
171;5816;13;0
172;5817;19;0
173;8728;17;0
174;3460;12;0
175;3461;12;0
176;3465;7;0
177;3462;7;0
178;3299;3;0
179;14772;10;8
180;3469;9;0
181;3463;15;0
182;15175;19;10
183;3464;8;0
184;3466;19;0
185;3467;4;0
186;3470;2;0
187;3471;6;0
188;15182;9;8
189;15184;7;8
190;15185;6;8
191;15192;6;8
192;3970;27;0
193;8729;15;0
194;4333;13;0
195;4334;10;0
196;4335;9;0
197;8730;15;0
198;8731;12;0
199;8732;10;0
200;8737;6;0
201;8739;6;0
202;8733;9;0
203;8734;1;0
204;8736;12;0
205;5818;16;0
206;15189;14;14
207;5820;12;0
208;5821;15;0
209;5847;6;0
210;5848;5;0
211;15040;5;0
212;5822;17;0
213;5823;6;0
214;5824;5;0
215;5859;19;0
216;5825;4;0
217;5826;7;0
218;5827;5;0
219;5858;24;0
220;15183;7;8
221;5828;4;0
222;5857;2;0
223;5829;5;0
224;15179;8;8
225;5830;7;0
226;15181;8;8
227;5831;4;0
228;15180;9;8
229;8722;3;0
230;15177;15;8
231;8724;4;0
232;15190;9;10
233;15188;9;10
234;5832;9;0
235;15191;10;10
236;15187;11;11
237;15178;9;8
238;5833;5;0
239;8725;17;0
240;15176;14;15
241;14796;3;1
242;15193;12;15
243;8726;11;0
244;8727;8;0
245;5834;6;0
246;8548;7;0
247;8843;14;0
248;8844;5;0
249;15186;16;11
250;8845;5;0
251;8853;1;0
252;8336;9;0
253;15018;5;3
254;8854;15;0
255;8855;6;0
256;15194;19;11
257;8549;15;0
258;14761;10;8
259;8550;21;0
260;8551;14;0
261;15196;7;5
262;15197;10;7
263;15198;10;7
264;13252;4;0
265;13253;9;0
266;14;17;0
267;3968;54;0
268;3969;7;0
269;3971;84;0
270;8552;27;0
271;8553;41;0
272;8554;27;0
273;14888;20;5
274;15195;16;9
275;15199;4;4
276;8555;13;0
277;5835;15;0
278;12226;21;0
279;5836;18;0
280;13339;11;0
281;12227;21;0
282;5837;16;0
283;5838;19;0
284;5839;20;0
285;5840;14;0
286;5841;15;0
287;3782;99;0
288;3783;109;0
289;3784;33;0
290;2385;94;0
291;12228;16;0
292;2387;30;0
293;2386;76;0
294;5842;8;0
295;14923;17;7
296;5843;5;0
297;14924;17;6
298;14925;20;5
299;1;7;0
300;2;5;0
301;3;5;0
302;5844;23;0
303;5845;17;0
304;4;7;0
305;14792;5;1
306;5852;7;0
307;5760;8;0
308;15038;9;0
309;8000;15;0
310;8001;14;0
311;8002;21;0
312;8003;22;0
313;15032;10;6
314;14790;2;2
315;5761;17;0
316;5888;11;0
317;6603;13;0
318;14826;3;0
319;12333;6;0
320;6604;6;0
321;2393;8;0
322;14722;6;1
323;2394;6;0
324;2395;8;0
325;2396;5;0
326;2399;4;0
327;2397;6;0
328;2398;8;0
329;14857;3;2
330;2401;13;0
331;14856;9;5
332;1503;14;0
333;14718;16;6
334;1542;16;0
335;11;14;0
336;12;6;0
337;13828;7;0
338;11620;6;0
339;14719;4;2
340;11616;6;0
341;11617;2;0
342;14904;6;4
343;14833;6;7
344;11618;2;0
345;54;9;0
346;55;4;0
347;52;5;0
348;53;11;0
349;1543;14;0
350;14715;6;0
351;14877;35;16
352;40;9;0
353;1544;14;0
354;14794;9;1
355;5801;8;0
356;14922;13;6
357;5802;12;0
358;2335;4;0
359;6605;13;0
360;15138;9;5
361;6606;11;0
362;6607;3;0
363;1504;16;0
364;15149;2;0
365;15029;8;7
366;15150;3;1
367;14876;38;3
368;15028;19;7
369;1505;10;0
370;15027;101;80
371;25;8;0
372;15033;24;0
373;15136;8;2
374;2430;9;0
375;2431;15;0
376;14827;6;0
377;12439;4;0
378;2432;25;0
379;2433;27;0
380;2437;8;0
381;2434;7;0
382;2449;9;0
383;2450;2;0
384;13088;8;0
385;2438;33;0
386;2439;37;0
387;2442;85;0
388;2443;10;0
389;15039;19;0
390;2440;49;0
391;2441;8;0
392;2446;8;0
393;2447;2;0
394;2448;6;0
395;2435;16;0
396;26;16;0
397;2402;15;0
398;2413;19;0
399;2414;752;0
400;2415;3072;0
401;2416;2771;0
402;2403;8;0
403;2404;6;0
404;25728;5;1
405;27;15;0
406;3270;26;0
407;3301;40;0
408;3310;16;0
409;3311;20;0
410;3295;26;0
411;14787;15;8
412;3296;26;0
413;14793;37;3
414;3230;56;0
415;3237;55;0
416;5597;88;0
417;5598;40;0
418;15019;60;39
419;3264;45;0
420;3242;51;0
421;3243;72;0
422;14754;37;17
423;3244;13;0
424;3235;29;0
425;3236;39;0
426;3300;34;0
427;29888;5;1
428;15200;24;5
429;14753;28;1
430;3413;67;0
431;15137;30;6
432;3417;37;0
433;3266;186;0
434;3267;135;0
435;14757;17;8
436;3269;103;0
437;3271;114;0
438;3272;146;0
439;3273;146;0
440;3274;11;0
441;3275;44;0
442;3289;127;0
443;3290;37;0
444;3291;155;0
445;14788;39;3
446;3292;107;0
447;3312;61;0
448;14756;39;12
449;14875;27;1
450;3313;82;0
451;3278;95;0
452;3414;136;0
453;14755;61;23
454;3415;84;0
455;3416;102;0
456;28;16;0
457;29;173;0
458;30;65;0
459;21568;261;97
460;17408;310;109
461;21569;364;128
462;17409;418;144
463;21570;345;128
464;17410;418;144
465;21571;355;128
466;17411;418;144
467;21572;376;128
468;17412;418;144
469;21573;386;128
470;17413;418;144
471;21574;353;128
472;17414;418;144
473;21575;361;128
474;17415;418;144
475;21576;374;128
476;17416;418;144
477;21577;377;128
478;17417;418;144
479;21578;370;128
480;17418;418;144
481;21579;385;128
482;17419;418;144
483;21580;341;128
484;17420;418;144
485;21581;396;128
486;17421;418;144
487;21582;364;128
488;17422;418;144
489;21583;358;128
490;17423;418;144
491;21584;362;128
492;17424;418;144
493;21585;352;128
494;17425;418;144
495;617;22;0
496;571;18;0
497;572;20;0
498;573;22;0
499;574;18;0
500;575;13;0
501;576;21;0
502;577;19;0
503;578;16;0
504;579;15;0
505;11834;4;0
506;580;17;0
507;581;16;0
508;582;12;0
509;583;17;0
510;584;18;0
511;585;10;0
512;586;19;0
513;587;20;0
514;588;18;0
515;11836;6;0
516;589;11;0
517;590;20;0
518;591;19;0
519;592;20;0
520;593;19;0
521;594;13;0
522;615;14;0
523;595;6;0
524;596;18;0
525;597;20;0
526;598;17;0
527;614;12;0
528;599;11;0
529;600;19;0
530;601;19;0
531;11835;16;0
532;613;7;0
533;602;7;0
534;603;19;0
535;604;18;0
536;15021;98;54
537;605;16;0
538;606;20;0
539;607;19;0
540;608;22;0
541;609;21;0
542;610;20;0
543;15020;37;10
544;616;14;0
545;611;8;0
546;612;14;0
547;15022;79;59
548;621;5;0
549;622;2;0
550;15023;124;91
551;154;10;0
552;155;6;0
553;21586;329;128
554;17426;418;144
555;21587;383;128
556;17427;418;144
557;21588;357;128
558;17428;418;144
559;11885;454;0
560;11894;435;0
561;11891;463;0
562;11898;480;0
563;11880;398;0
564;11900;429;0
565;11866;238;0
566;212;62;0
567;11873;465;0
568;11881;461;0
569;11904;483;0
570;11902;416;0
571;290;129;0
572;21589;345;128
573;17429;418;144
574;11893;420;0
575;11871;391;0
576;11888;474;0
577;11903;442;0
578;11892;444;0
579;11872;435;0
580;11876;427;0
581;11896;457;0
582;11870;201;0
583;11868;196;0
584;11879;461;0
585;11877;450;0
586;11887;462;0
587;11913;261;0
588;11899;395;0
589;83;8;0
590;11817;4;0
591;84;17;0
592;85;18;0
593;86;17;0
594;87;21;0
595;96;5;0
596;88;11;0
597;91;4;0
598;11905;434;0
599;146;635;0
600;147;731;0
601;148;903;0
602;149;731;0
603;150;728;0
604;151;946;0
605;153;110;0
606;152;809;0
607;11889;435;0
608;11884;414;0
609;11912;431;0
610;11864;220;0
611;11863;200;0
612;11869;294;0
613;11911;492;0
614;11890;431;0
615;11886;441;0
616;11865;194;0
617;11910;447;0
618;11874;450;0
619;11907;491;0
620;259;2999;0
621;11901;464;0
622;272;14126;0
623;273;13330;0
624;11875;445;0
625;274;11345;0
626;275;15304;0
627;291;3408;0
628;166;1639;0
629;167;1525;0
630;168;110;0
631;11878;435;0
632;11909;451;0
633;14725;8208;1664
634;11882;458;0
635;214;1691;0
636;11897;469;0
637;248;2533;0
638;249;1255;0
639;14721;2390;7
640;218;20748;0
641;223;5908;0
642;228;4450;0
643;244;7385;0
644;245;30261;0
645;276;9109;0
646;246;24410;0
647;247;6956;0
648;266;2543;0
649;267;11600;0
650;268;9965;0
651;269;11127;0
652;11906;460;0
653;270;10651;0
654;292;4262;0
655;271;11420;0
656;236;2446;0
657;237;2955;0
658;219;14856;0
659;220;10363;0
660;115;434;0
661;116;703;0
662;117;592;0
663;118;592;0
664;11895;416;0
665;119;676;0
666;120;703;0
667;11818;1187;0
668;121;789;0
669;122;320;0
670;124;146;0
671;15202;7403;5
672;11815;6548;0
673;194;5516;0
674;195;11593;0
675;196;10392;0
676;11908;425;0
677;197;9960;0
678;198;10379;0
679;199;3052;0
680;186;3202;0
681;11883;455;0
682;213;6585;0
683;14724;7774;1567
684;2427;39903;0
685;14723;28494;6402
686;2428;23026;0
687;14921;8718;3
688;14872;11565;5784
689;2411;20230;0
690;2412;14457;0
691;33;13518;0
692;13;7364;0
693;14720;2364;5
694;156;27833;0
695;15024;5783;1651
696;158;7062;0
697;163;30558;0
698;11819;12968;0
699;11823;6585;0
700;164;23714;0
701;165;11996;0
702;187;2109;0
703;188;11623;0
704;11821;9433;0
705;189;12907;0
706;11867;221;0
707;190;12128;0
708;11820;14913;0
709;11822;8860;0
710;191;13354;0
711;192;6758;0
712;162;6946;0
713;157;9747;0
714;31;6757;0
715;21590;232;90
716;15201;5802;14
717;15026;8007;441
718;17430;302;102
719;32;39878;0
720;2429;11563;0
721;15025;26063;26035
722;2410;32294;0


DIAGNOSTICO 
Páginas:	723
Maior pagina:	29888
Menor pagina:	1
R_count:	966011
W_count:	50775
Max read:	39903
Max write:	26035
